1.000000000000000000e+00
1.013852142231455478e+00
1.027704284462910955e+00
1.166225706777465732e+00
1.304747129092020508e+00
2.002680607892759479e+00
2.700614086693498450e+00
3.398547565494237421e+00
4.986589925508710053e+00
6.574632285523183128e+00
8.162674645537656204e+00
9.750717005552129280e+00
1.164539435966266012e+01
1.354007171377319096e+01
1.543474906788372181e+01
1.732942642199425265e+01
1.874231051332217746e+01
1.975118715911867540e+01
2.076006380491517334e+01
2.176894045071167128e+01
2.253242292012489756e+01
2.329590538953812384e+01
2.405938785895135013e+01
2.482287032836457641e+01
2.542521497265815000e+01
2.602755961695172360e+01
2.662990426124529719e+01
2.723224890553887079e+01
2.783459354983244438e+01
2.856106994138613331e+01
2.928754633293982224e+01
3.001402272449351116e+01
3.074049911604720009e+01
3.146697550760088902e+01
3.219345189915458150e+01
3.288565537254905280e+01
3.357785884594352410e+01
3.427006231933799540e+01
3.496226579273246671e+01
3.565446926612693801e+01
3.652293279551811622e+01
3.739139632490929444e+01
3.825985985430047265e+01
3.912832338369165086e+01
3.999678691308282907e+01
4.126952469567002879e+01
4.254226247825722851e+01
4.381500026084442823e+01
4.508773804343162794e+01
4.636047582601882766e+01
4.915435807685968683e+01
5.194824032770054600e+01
5.474212257854140518e+01
5.753600482938226435e+01
6.642965397653615867e+01
7.532330312369005298e+01
8.421695227084394730e+01
1.514391416024253090e+02
2.186613309340066849e+02
5.000000000000000000e+02
