1.000000000000000000e+00
1.006230500740587841e+00
1.012461001481175682e+00
1.074766008887054092e+00
1.137071016292932502e+00
1.379624451746559011e+00
1.622177887200185520e+00
1.864731322653812029e+00
2.420119022646283202e+00
2.975506722638754376e+00
3.530894422631225549e+00
4.086282122623696722e+00
4.414631712900731308e+00
4.742981303177765895e+00
5.071330893454800481e+00
5.399680483731835068e+00
5.685685723511181955e+00
5.971690963290528842e+00
6.196182606151186434e+00
6.420674249011844026e+00
6.645165891872501618e+00
6.869657534733159210e+00
7.164709717638563014e+00
7.385458299677527094e+00
7.606206881716491175e+00
7.826955463755455256e+00
8.047704045794418448e+00
8.308950753604733563e+00
8.570197461415048679e+00
8.831444169225363794e+00
9.092690877035678909e+00
9.353937584845994024e+00
9.662071436890441234e+00
9.970205288934888443e+00
1.027833914097933565e+01
1.058647299302378286e+01
1.089460684506823007e+01
1.131909581739012438e+01
1.174358478971201869e+01
1.216807376203391300e+01
1.259256273435580731e+01
1.301705170667770162e+01
1.328980099285217165e+01
1.356255027902664168e+01
1.383529956520111170e+01
1.410804885137558173e+01
1.450070114452301873e+01
1.489335343767045572e+01
1.528600573081789271e+01
1.567865802396532970e+01
1.614922261690789540e+01
1.661978720985046110e+01
1.691932982375914918e+01
1.721887243766783726e+01
1.751841505157652534e+01
1.781795766548521343e+01
1.805626980173745011e+01
1.829458193798968679e+01
1.853289407424192348e+01
1.877120621049416016e+01
1.900951834674639684e+01
1.929655677788708701e+01
1.958359520902777717e+01
1.987063364016846734e+01
2.015767207130915750e+01
2.044471050244984767e+01
2.079723713881818270e+01
2.114976377518651773e+01
2.150229041155485277e+01
2.185481704792318780e+01
2.220734368429152283e+01
2.255987032065985787e+01
2.298416461932822941e+01
2.340845891799660095e+01
2.383275321666497248e+01
2.425704751533334402e+01
2.456353966116271081e+01
2.487003180699207761e+01
2.517652395282144440e+01
2.548301609865081119e+01
2.578950824448017798e+01
2.609600039030954477e+01
2.640779587289757657e+01
2.671959135548560837e+01
2.703138683807364018e+01
2.734318232066167198e+01
2.765497780324970378e+01
2.796677328583773559e+01
2.832717229524181946e+01
2.858904669981620472e+01
2.885092110439058999e+01
2.911279550896497526e+01
2.937466991353936052e+01
2.963654431811374579e+01
2.989841872268813106e+01
3.015647016750200748e+01
3.041452161231588391e+01
3.067257305712976034e+01
3.093062450194363677e+01
3.118867594675751320e+01
3.144672739157138963e+01
3.179472179086165085e+01
3.214271619015191561e+01
3.249071058944218038e+01
3.283870498873244514e+01
3.318669938802270991e+01
3.395856375666651417e+01
3.429882270057564142e+01
3.463908164448476867e+01
3.497934058839389593e+01
3.531959953230302318e+01
3.565985847621215044e+01
3.604604271058924070e+01
3.632015624801309173e+01
3.659426978543694275e+01
3.686838332286079378e+01
3.714249686028464481e+01
3.746575849981339701e+01
3.778902013934214921e+01
3.811228177887090141e+01
3.843554341839965360e+01
3.902090502844219344e+01
3.944571156249362076e+01
3.975995553823048567e+01
4.007419951396735058e+01
4.038844348970421549e+01
4.058980055403273468e+01
4.079115761836125387e+01
4.099251468268977305e+01
4.119387174701829224e+01
4.148242064422495190e+01
4.177096954143161156e+01
4.205951843863827122e+01
4.234806733584493088e+01
4.268742888473824593e+01
4.302679043363156097e+01
4.336615198252487602e+01
4.370551353141819106e+01
4.404487508031150611e+01
4.446358334479947416e+01
4.488229160928744221e+01
4.530099987377541026e+01
4.571970813826337832e+01
4.613841640275134637e+01
4.652941207666219725e+01
4.692040775057304813e+01
4.731140342448389902e+01
4.770239909839474990e+01
4.809339477230560078e+01
4.834875545305977340e+01
4.860411613381394602e+01
4.885947681456811864e+01
4.911483749532229126e+01
4.937019817607646388e+01
4.962555885683063650e+01
4.996270288564157624e+01
5.029984691445251599e+01
5.063699094326345573e+01
5.097413497207439548e+01
5.131127900088533522e+01
5.161854930168502165e+01
5.186490760496933206e+01
5.211126590825364246e+01
5.235762421153795287e+01
5.260398251482226328e+01
5.285034081810657369e+01
5.330009673545088589e+01
5.356667613377832993e+01
5.383325553210577397e+01
5.409983493043321801e+01
5.436641432876066204e+01
5.469466605880661092e+01
5.502291778885255980e+01
5.535116951889850867e+01
5.567942124894445755e+01
5.600767297899040642e+01
5.656172572335329818e+01
5.711577846771618994e+01
5.751140253310037309e+01
5.790702659848455625e+01
5.830265066386873940e+01
5.869827472925292255e+01
5.909389879463710571e+01
5.937957477149028307e+01
5.966525074834346043e+01
5.995092672519663779e+01
6.023660270204981515e+01
6.052227867890299251e+01
6.080795465575616987e+01
6.109486043310890580e+01
6.138176621046164172e+01
6.166867198781437764e+01
6.195557776516711357e+01
6.224248354251984949e+01
6.264222388765471550e+01
6.292159423046373234e+01
6.320096457327274919e+01
6.348033491608176604e+01
6.369581470164938963e+01
6.391129448721701323e+01
6.412677427278464393e+01
6.434225405835226752e+01
6.455773384391989111e+01
6.477321362948751471e+01
6.503294200016621573e+01
6.529267037084491676e+01
6.555239874152361779e+01
6.581212711220231881e+01
6.607185548288101984e+01
6.633158385355972086e+01
6.694578217496527373e+01
6.742738580983787244e+01
6.790898944471047116e+01
6.839059307958306988e+01
6.887219671445566860e+01
6.935380034932826732e+01
6.983442352234499140e+01
7.012598131512864086e+01
7.041753910791229032e+01
7.070909690069593978e+01
7.100065469347958924e+01
7.129221248626323870e+01
7.158377027904688816e+01
7.182884339659352690e+01
7.207391651414016565e+01
7.231898963168680439e+01
7.256406274923344313e+01
7.280913586678008187e+01
7.305420898432672061e+01
7.343601547113500772e+01
7.381782195794329482e+01
7.419962844475158192e+01
7.446090032480675802e+01
7.472217220486193412e+01
7.492759227497023744e+01
7.513301234507854076e+01
7.533843241518684408e+01
7.554385248529514740e+01
7.574927255540345072e+01
7.595469262551175404e+01
7.619960064905836816e+01
7.644450867260498228e+01
7.668941669615159640e+01
7.693432471969821052e+01
7.717923274324482463e+01
7.753500041455053804e+01
7.789076808585625145e+01
7.824653575716196485e+01
7.860230342846767826e+01
7.895807109977339167e+01
7.941072134179417219e+01
7.986337158381495271e+01
8.031602182583573324e+01
8.076867206785651376e+01
8.122132230987729429e+01
8.153088771877071395e+01
8.184045312766413360e+01
8.215001853655755326e+01
8.245958394545097292e+01
8.282641355113172210e+01
8.309479819178137916e+01
8.336318283243103622e+01
8.363156747308069328e+01
8.389995211373035033e+01
8.437220235850534777e+01
8.484445260328034522e+01
8.512062390041646154e+01
8.539679519755257786e+01
8.567296649468869418e+01
8.594913779182481051e+01
8.620115755862100571e+01
8.645317732541720090e+01
8.670519709221339610e+01
8.695721685900959130e+01
8.728132367556970905e+01
8.760543049212982680e+01
8.786588435144189191e+01
8.812633821075395701e+01
8.838679207006602212e+01
8.864724592937808723e+01
8.898640649487937537e+01
8.932556706038066352e+01
8.966472762588195167e+01
9.000388819138323981e+01
9.034304875688452796e+01
9.084014542423759053e+01
9.133724209159065310e+01
9.183433875894371567e+01
9.233143542629677825e+01
9.272893926351243010e+01
9.312644310072808196e+01
9.352394693794373381e+01
9.392145077515938567e+01
9.418102302922535785e+01
9.444059528329133002e+01
9.470016753735730219e+01
9.495973979142327437e+01
9.521931204548924654e+01
9.564183950102741960e+01
9.606436695656559266e+01
9.648689441210376572e+01
9.674151171993779030e+01
9.699612902777181489e+01
9.725074633560583948e+01
9.750536364343986406e+01
9.774834594766724649e+01
9.799132825189462892e+01
9.823431055612201135e+01
9.847729286034939378e+01
9.872027516457677621e+01
9.899667508055611620e+01
9.927307499653545619e+01
9.954947491251479619e+01
9.982587482849413618e+01
1.001518386602000419e+02
1.004778024919059476e+02
1.008037663236118533e+02
1.011297301553177590e+02
1.014556939870236647e+02
1.020090957713915998e+02
1.025624975557595349e+02
1.029944369278805993e+02
1.034263763000016638e+02
1.038583156721227283e+02
1.042902550442437928e+02
1.046192011769404928e+02
1.049481473096371928e+02
1.052770934423338929e+02
1.056060395750305929e+02
1.059349857077272929e+02
1.062434691486010792e+02
1.065519525894748654e+02
1.068604360303486516e+02
1.071689194712224378e+02
1.074774029120962240e+02
1.078828760792492005e+02
1.081394719708064400e+02
1.083960678623636795e+02
1.086526637539209190e+02
1.089092596454781585e+02
1.091500069701630764e+02
1.093907542948479943e+02
1.096315016195329122e+02
1.098722489442178301e+02
1.101129962689027479e+02
1.103884729085960288e+02
1.106639495482893096e+02
1.109394261879825905e+02
1.112149028276758713e+02
1.115422733032502975e+02
1.118696437788247238e+02
1.121970142543991500e+02
1.125243847299735762e+02
1.128517552055480024e+02
1.134077908101012042e+02
1.139638264146544060e+02
1.143959246855466887e+02
1.148280229564389714e+02
1.152601212273312541e+02
1.156922194982235368e+02
1.160209356279983979e+02
1.163496517577732590e+02
1.166783678875481201e+02
1.170070840173229811e+02
1.173358001470978422e+02
1.176431128226685985e+02
1.179504254982393547e+02
1.182577381738101110e+02
1.185650508493808672e+02
1.188723635249516235e+02
1.192818832231332493e+02
1.195384070594958388e+02
1.197949308958584282e+02
1.200514547322210177e+02
1.203079785685836072e+02
1.205476798187968370e+02
1.207873810690100669e+02
1.210270823192232967e+02
1.212667835694365266e+02
1.215064848196497564e+02
1.217827283175793269e+02
1.220589718155088974e+02
1.223352153134384679e+02
1.226114588113680384e+02
1.229380190505820707e+02
1.232645792897961030e+02
1.235911395290101353e+02
1.239176997682241677e+02
1.242442600074382000e+02
1.248736700785311200e+02
1.252677694323686239e+02
1.256618687862061279e+02
1.260559681400436318e+02
1.264500674938811358e+02
1.268441668477186397e+02
1.272008759913366021e+02
1.275575851349545644e+02
1.279142942785725268e+02
1.282710034221904891e+02
1.286061364321688529e+02
1.289412694421472168e+02
1.292764024521255806e+02
1.296115354621039444e+02
1.304025161297649049e+02
1.307846846048753946e+02
1.310519242252698575e+02
1.313191638456643204e+02
1.315864034660587834e+02
1.318536430864532463e+02
1.321347938604345416e+02
1.324159446344158368e+02
1.326366635947882742e+02
1.328573825551607115e+02
1.330781015155331488e+02
1.332988204759055861e+02
1.335195394362780235e+02
1.339497872264076364e+02
1.343800350165372492e+02
1.347105746263180208e+02
1.350411142360987924e+02
1.353716538458795640e+02
1.357021934556603355e+02
1.360327330654411071e+02
1.367657515187605668e+02
1.371313745390949919e+02
1.374969975594294169e+02
1.378626205797638420e+02
1.382282436000982671e+02
1.385938666204326921e+02
1.389594896407671172e+02
1.393126877579039729e+02
1.395555937329648657e+02
1.397984997080257585e+02
1.400414056830866514e+02
1.402843116581475442e+02
1.405272176332084371e+02
1.407701236082693299e+02
1.411064286773703031e+02
1.414427337464712764e+02
1.417790388155722496e+02
1.421153438846732229e+02
1.424516489537741961e+02
1.427977493737732289e+02
1.430441102658314492e+02
1.432904711578896695e+02
1.435368320499478898e+02
1.437831929420061101e+02
1.440295538340643304e+02
1.443915465661300743e+02
1.446824407084763209e+02
1.449733348508225674e+02
1.452642289931688140e+02
1.455551231355150605e+02
1.458372894858536597e+02
1.461194558361922589e+02
1.464016221865308580e+02
1.466837885368694572e+02
1.469659548872080563e+02
1.475564164920721737e+02
1.481468780969362911e+02
1.485440731906957126e+02
1.489412682844551341e+02
1.493384633782145556e+02
1.497356584719739772e+02
1.501328535657333987e+02
1.504467144221576120e+02
1.507605752785818254e+02
1.510744361350060387e+02
1.513882969914302521e+02
1.516923724245708058e+02
1.519964478577113596e+02
1.523005232908519133e+02
1.526045987239924671e+02
1.530563694242039503e+02
1.535081401244154335e+02
1.537895132223007693e+02
1.540708863201861050e+02
1.543522594180714407e+02
1.546336325159567764e+02
1.548608327292118645e+02
1.550880329424669526e+02
1.553152331557220407e+02
1.555424333689771288e+02
1.557696335822322169e+02
1.560425322791083715e+02
1.563154309759845262e+02
1.565883296728606808e+02
1.568612283697368355e+02
1.571341270666129901e+02
1.574677614888785229e+02
1.578013959111440556e+02
1.581350303334095884e+02
1.584686647556751211e+02
1.588022991779406539e+02
1.591359336002061866e+02
1.595820348143547847e+02
1.600281360285033827e+02
1.604742372426519808e+02
1.609203384568005788e+02
1.613664396709491768e+02
1.617238447269988058e+02
1.620078570823705491e+02
1.622918694377422923e+02
1.625758817931140356e+02
1.628598941484857789e+02
1.631223212747909201e+02
1.633847484010960613e+02
1.636471755274012025e+02
1.639096026537063437e+02
1.643484301979924282e+02
1.647872577422785128e+02
1.650878234904480735e+02
1.653883892386176342e+02
1.656889549867871949e+02
1.659895207349567556e+02
1.662465747025741507e+02
1.665036286701915458e+02
1.667606826378089409e+02
1.670177366054263359e+02
1.673932872383120696e+02
1.676545732206866148e+02
1.679158592030611601e+02
1.681771451854357053e+02
1.684384311678102506e+02
1.687490177936719533e+02
1.690596044195336560e+02
1.693701910453953587e+02
1.696807776712570615e+02
1.699913642971187642e+02
1.705502778838639131e+02
1.711091914706090620e+02
1.715348104648900573e+02
1.719604294591710527e+02
1.723860484534520481e+02
1.728116674477330434e+02
1.730836038247174145e+02
1.733555402017017855e+02
1.736274765786861565e+02
1.738994129556705275e+02
1.741713493326548985e+02
1.744978588813059162e+02
1.747587910260774606e+02
1.750197231708490051e+02
1.752806553156205496e+02
1.755415874603920940e+02
1.758025196051636385e+02
1.760634517499351830e+02
1.764363279203036541e+02
1.768092040906721252e+02
1.770620873658486403e+02
1.773149706410251554e+02
1.775678539162016705e+02
1.778207371913781856e+02
1.780736204665547007e+02
1.783265037417312158e+02
1.786044171535633609e+02
1.788823305653955060e+02
1.791602439772276512e+02
1.794381573890597963e+02
1.797160708008919414e+02
1.799939842127240865e+02
1.803175082054419249e+02
1.806410321981597633e+02
1.809645561908776017e+02
1.812880801835954401e+02
1.816116041763132785e+02
1.822463680069261329e+02
1.826722305082660398e+02
1.830980930096059467e+02
1.835239555109458536e+02
1.839498180122857605e+02
1.843756805136256673e+02
1.847056556645474075e+02
1.850356308154691476e+02
1.853656059663908877e+02
1.856955811173126278e+02
1.860544192324858557e+02
1.864132573476590835e+02
1.867720954628323113e+02
1.871309335780055392e+02
1.876792439546338755e+02
1.879870912346717944e+02
1.882949385147097132e+02
1.886027857947476321e+02
1.889106330747855509e+02
1.890998446554508519e+02
1.892890562361161528e+02
1.894782678167814538e+02
1.896674793974467548e+02
1.899736761926466500e+02
1.902798729878465451e+02
1.905860697830464403e+02
1.908922665782463355e+02
1.912720132018120864e+02
1.916517598253778374e+02
1.919274809514523099e+02
1.922032020775267824e+02
1.924789232036012550e+02
1.927546443296757275e+02
1.930303654557502000e+02
1.935051223160216978e+02
1.939798791762931955e+02
1.944546360365646933e+02
1.949293928968361911e+02
1.954041497571076889e+02
1.958065420530747360e+02
1.960727934761746099e+02
1.963390448992744837e+02
1.966052963223743575e+02
1.968715477454742313e+02
1.971377991685741051e+02
1.974058290285446162e+02
1.976738588885151273e+02
1.979418887484856384e+02
1.982099186084561495e+02
1.987730208689904998e+02
1.993361231295248501e+02
1.996208341776653299e+02
1.999055452258058097e+02
2.001902562739462894e+02
2.004749673220867692e+02
2.007204337460852628e+02
2.009659001700837564e+02
2.012113665940822500e+02
2.014568330180807436e+02
2.018095806516203083e+02
2.020299741990687323e+02
2.022503677465171563e+02
2.024707612939655803e+02
2.026911548414140043e+02
2.030106547045438390e+02
2.033301545676736737e+02
2.036496544308035084e+02
2.039691542939333431e+02
2.042886541570631778e+02
2.047238465385619293e+02
2.051590389200606808e+02
2.055942313015594323e+02
2.060294236830581838e+02
2.064646160645569353e+02
2.068688750299943990e+02
2.072731339954318628e+02
2.075942391114249119e+02
2.079153442274179611e+02
2.082364493434110102e+02
2.084703417795958273e+02
2.087042342157806445e+02
2.089381266519654616e+02
2.091720190881502788e+02
2.094059115243350959e+02
2.096398039605199131e+02
2.099641324816183783e+02
2.102884610027168435e+02
2.106127895238153087e+02
2.109371180449137739e+02
2.112614465660122391e+02
2.114985179086462779e+02
2.117355892512803166e+02
2.119726605939143553e+02
2.122097319365483941e+02
2.124468032791824328e+02
2.126838746218164715e+02
2.129039963968428424e+02
2.131241181718692133e+02
2.133442399468955841e+02
2.135643617219219550e+02
2.137844834969483259e+02
2.140046052719746967e+02
2.143547828973280502e+02
2.147049605226814037e+02
2.150551381480347573e+02
2.154053157733881108e+02
2.157554933987414643e+02
2.161825648029321769e+02
2.166096362071228896e+02
2.170367076113136022e+02
2.174637790155043149e+02
2.178908504196950275e+02
2.182785885134396153e+02
2.186663266071842031e+02
2.190540647009287909e+02
2.194418027946733787e+02
2.198295408884179665e+02
2.200739524433001293e+02
2.203183639981822921e+02
2.205627755530644549e+02
2.208071871079466177e+02
2.210515986628287806e+02
2.212960102177109434e+02
2.216650738192183496e+02
2.220341374207257559e+02
2.224032010222331621e+02
2.227722646237405684e+02
2.231413282252479746e+02
2.234295864642301979e+02
2.237178447032124211e+02
2.240061029421946444e+02
2.242299821601241376e+02
2.244538613780536309e+02
2.246777405959831242e+02
2.249016198139126175e+02
2.251254990318421108e+02
2.256196577302056596e+02
2.261138164285692085e+02
2.263868395078285403e+02
2.266598625870878720e+02
2.269328856663472038e+02
2.272059087456065356e+02
2.274789318248658674e+02
2.279372064492664833e+02
2.283954810736670993e+02
2.288537556980677152e+02
2.293120303224683312e+02
2.297703049468689471e+02
2.301907635639521743e+02
2.304901032322072467e+02
2.307894429004623191e+02
2.310887825687173915e+02
2.313881222369724640e+02
2.316874619052275364e+02
2.319868015734826088e+02
2.322392630242639768e+02
2.324917244750453449e+02
2.327441859258267129e+02
2.329966473766080810e+02
2.332491088273894491e+02
2.335015702781708171e+02
2.338791074558583034e+02
2.342566446335457897e+02
2.345617589542365238e+02
2.348668732749272579e+02
2.351719875956179919e+02
2.353775598307599637e+02
2.355831320659019354e+02
2.357887043010439072e+02
2.359942765361858790e+02
2.361998487713278507e+02
2.364054210064698225e+02
2.366765401886041218e+02
2.369476593707384211e+02
2.372187785528727204e+02
2.374898977350070197e+02
2.377610169171413190e+02
2.380708723557397093e+02
2.383807277943380996e+02
2.386905832329364898e+02
2.390004386715348801e+02
2.393102941101332704e+02
2.398516326237675003e+02
2.403929711374017302e+02
2.407704550624618776e+02
2.411479389875220249e+02
2.415254229125821723e+02
2.419029068376423197e+02
2.422803907627024671e+02
2.425461870927113921e+02
2.428119834227203171e+02
2.430777797527292421e+02
2.433435760827381671e+02
2.436093724127470921e+02
2.438751687427560171e+02
2.441386734254744511e+02
2.444021781081928850e+02
2.446656827909113190e+02
2.449291874736297530e+02
2.451926921563481869e+02
2.456039661220710286e+02
2.458807237445889200e+02
2.461574813671068114e+02
2.464342389896247028e+02
2.467109966121425941e+02
2.469353792075227148e+02
2.471597618029028354e+02
2.473841443982829560e+02
2.476085269936630766e+02
2.478329095890431972e+02
2.481024865138365385e+02
2.483720634386298798e+02
2.486416403634232211e+02
2.489112172882165623e+02
2.491807942130099036e+02
2.495085936804770768e+02
2.498363931479442499e+02
2.501641926154114230e+02
2.504919920828785962e+02
2.508197915503457693e+02
2.511475910178129425e+02
2.516100404425947374e+02
2.520724898673765324e+02
2.525349392921583274e+02
2.529973887169401223e+02
2.534598381417219173e+02
2.538214664640223077e+02
2.541030745939043243e+02
2.543846827237863408e+02
2.546662908536683574e+02
2.549478989835503739e+02
2.552376644193226412e+02
2.555274298550949084e+02
2.558171952908671756e+02
2.561069607266394428e+02
2.565530701226181804e+02
2.569991795185969181e+02
2.572887147637409839e+02
2.575782500088850497e+02
2.578677852540291155e+02
2.581573204991731814e+02
2.583949715128239859e+02
2.586326225264747904e+02
2.588702735401255950e+02
2.591079245537763995e+02
2.594966157225885013e+02
2.597148476013601908e+02
2.599330794801318802e+02
2.601513113589035697e+02
2.603695432376752592e+02
2.607128338605832027e+02
2.610561244834911463e+02
2.613994151063990898e+02
2.617427057293070334e+02
2.620859963522149769e+02
2.625365343414234189e+02
2.629870723306318610e+02
2.634376103198403030e+02
2.638881483090487450e+02
2.643386862982571870e+02
2.647513135096662609e+02
2.650507518565590885e+02
2.653501902034519162e+02
2.656496285503447439e+02
2.659490668972375715e+02
2.662485052441303992e+02
2.665479435910232269e+02
2.668343974458150001e+02
2.671208513006067733e+02
2.674073051553985465e+02
2.676937590101903197e+02
2.679802128649820929e+02
2.682666667197738661e+02
2.685970140030251514e+02
2.689273612862764367e+02
2.692577085695277219e+02
2.694915615398439286e+02
2.697254145101601353e+02
2.699592674804763419e+02
2.701931204507925486e+02
2.704269734211087552e+02
2.707479517441443022e+02
2.709587467372071501e+02
2.711695417302699980e+02
2.713803367233328458e+02
2.715911317163956937e+02
2.718019267094585416e+02
2.720127217025213895e+02
2.722731140733721418e+02
2.725335064442228941e+02
2.727938988150736463e+02
2.730542911859243986e+02
2.733146835567751509e+02
2.737178593584319515e+02
2.741210351600887520e+02
2.745242109617455526e+02
2.749273867634023532e+02
2.753305625650591537e+02
2.756659694535788958e+02
2.760013763420986379e+02
2.763367832306183800e+02
2.766721901191381221e+02
2.770075970076578642e+02
2.773430038961776063e+02
2.776871885708310401e+02
2.779521284924932729e+02
2.782170684141555057e+02
2.784820083358177385e+02
2.787469482574799713e+02
2.790118881791422041e+02
2.794210374449112919e+02
2.798301867106803797e+02
2.802393359764494676e+02
2.805099192761151130e+02
2.807805025757807584e+02
2.810510858754464039e+02
2.813216691751120493e+02
2.815456287845767065e+02
2.817695883940413637e+02
2.819935480035060209e+02
2.822175076129706781e+02
2.824414672224353353e+02
2.827061395770782042e+02
2.829708119317210731e+02
2.832354842863639419e+02
2.835001566410068108e+02
2.837648289956496797e+02
2.840937045933539480e+02
2.844225801910582163e+02
2.847514557887624846e+02
2.850803313864667530e+02
2.854092069841710213e+02
2.857380825818752896e+02
2.862115709225439559e+02
2.866850592632126222e+02
2.871585476038812885e+02
2.876320359445499548e+02
2.881055242852186211e+02
2.884582037715596812e+02
2.887368192944458087e+02
2.890154348173319363e+02
2.892940503402180639e+02
2.895726658631041914e+02
2.898623093121445322e+02
2.901519527611848730e+02
2.904415962102252138e+02
2.907312396592655546e+02
2.911798616647529343e+02
2.916284836702403140e+02
2.919200050699421354e+02
2.922115264696439567e+02
2.925030478693457781e+02
2.927945692690475994e+02
2.930357726769531723e+02
2.932769760848587453e+02
2.935181794927643182e+02
2.937593829006698911e+02
2.941444403036593371e+02
2.943599820963849538e+02
2.945755238891105705e+02
2.947910656818361872e+02
2.950066074745618039e+02
2.953507849267426195e+02
2.956949623789234352e+02
2.960391398311042508e+02
2.963833172832850664e+02
2.967274947354658821e+02
2.971676134727924818e+02
2.976077322101190816e+02
2.980478509474456814e+02
2.984879696847722812e+02
2.989280884220988810e+02
2.993949125802673734e+02
2.997097238888818538e+02
3.000245351974963341e+02
3.003393465061108145e+02
3.006541578147252949e+02
3.009689691233397753e+02
3.012837804319542556e+02
3.015591764889450701e+02
3.018345725459358846e+02
3.021099686029266991e+02
3.023853646599175136e+02
3.026607607169083280e+02
3.029361567738991425e+02
3.032907969500780609e+02
3.036454371262569794e+02
3.038950452696526554e+02
3.041446534130483315e+02
3.043942615564440075e+02
3.046438696998396836e+02
3.048934778432353596e+02
3.051430859866310357e+02
3.054270154915790840e+02
3.056271654811956751e+02
3.058273154708122661e+02
3.060274654604288571e+02
3.062276154500454481e+02
3.064277654396620392e+02
3.066279154292786302e+02
3.068764897160643841e+02
3.071250640028501380e+02
3.073736382896358919e+02
3.076222125764216457e+02
3.078707868632073996e+02
3.081193611499931535e+02
3.085230567091981015e+02
3.089267522684030496e+02
3.093304478276079976e+02
3.097341433868129457e+02
3.101378389460178937e+02
3.104758616218246061e+02
3.108138842976313185e+02
3.111519069734380309e+02
3.114899296492447434e+02
3.118279523250514558e+02
3.121659750008581682e+02
3.124542644841629340e+02
3.127425539674676997e+02
3.130308434507724655e+02
3.133191329340772313e+02
3.136074224173819971e+02
3.141687589953360771e+02
3.147300955732901571e+02
3.150442083701285583e+02
3.153583211669669595e+02
3.156724339638053607e+02
3.159865467606437619e+02
3.162256654940528620e+02
3.164647842274619620e+02
3.167039029608710621e+02
3.169430216942801621e+02
3.172963243666405333e+02
3.175286725940953261e+02
3.177610208215501189e+02
3.179933690490049116e+02
3.182257172764597044e+02
3.185383080482504852e+02
3.188508988200412659e+02
3.191634895918320467e+02
3.194760803636228275e+02
3.197886711354136082e+02
3.202413536409566746e+02
3.206940361464997409e+02
3.211467186520428072e+02
3.215994011575858735e+02
3.220520836631289399e+02
3.225086221940449605e+02
3.228224460223729011e+02
3.231362698507008417e+02
3.234500936790287824e+02
3.237639175073567230e+02
3.240777413356846637e+02
3.243915651640126043e+02
3.246675258090285752e+02
3.249434864540445460e+02
3.252194470990605168e+02
3.254954077440764877e+02
3.257713683890924585e+02
3.260473290341084294e+02
3.263933300454385744e+02
3.267393310567687195e+02
3.270183728718984639e+02
3.272974146870282084e+02
3.275764565021579529e+02
3.277743778174982481e+02
3.279722991328385433e+02
3.281702204481788385e+02
3.283681417635191337e+02
3.285660630788594290e+02
3.287639843941997242e+02
3.290305227538889312e+02
3.292970611135781382e+02
3.295635994732673453e+02
3.298301378329565523e+02
3.300966761926457593e+02
3.303632145523349664e+02
3.307775446018217735e+02
3.311918746513085807e+02
3.316062047007953879e+02
3.320205347502821951e+02
3.324348647997690023e+02
3.328531063178491536e+02
3.332713478359293049e+02
3.336895893540094562e+02
3.341078308720896075e+02
3.345260723901697588e+02
3.347992496753141154e+02
3.350724269604584720e+02
3.353456042456028285e+02
3.356187815307471851e+02
3.358801228026258627e+02
3.361414640745045403e+02
3.364028053463832180e+02
3.366641466182618956e+02
3.370857942667239513e+02
3.375074419151860070e+02
3.379290895636480627e+02
3.382419704960433364e+02
3.385548514284386101e+02
3.388677323608338838e+02
3.390940862039402077e+02
3.393204400470465316e+02
3.395467938901528555e+02
3.397731477332591794e+02
3.400237062945770958e+02
3.402742648558950123e+02
3.405248234172129287e+02
3.407753819785308451e+02
3.411680831899985264e+02
3.414784339087946705e+02
3.417887846275908146e+02
3.420991353463869586e+02
3.424094860651831027e+02
3.427198367839792468e+02
3.431468302357428115e+02
3.435738236875063762e+02
3.440008171392699410e+02
3.444278105910335057e+02
3.448548040427970705e+02
3.452222378909973486e+02
3.455896717391976267e+02
3.459571055873979049e+02
3.463245394355981830e+02
3.466919732837984611e+02
3.469454310025135442e+02
3.471988887212286272e+02
3.474523464399437103e+02
3.477058041586587933e+02
3.479592618773738764e+02
3.482127195960889594e+02
3.486144683302001113e+02
3.488909277257608892e+02
3.491673871213216671e+02
3.494438465168824450e+02
3.497203059124432230e+02
3.499967653080040009e+02
3.502732247035647788e+02
3.505134761356154627e+02
3.507537275676661466e+02
3.509939789997168305e+02
3.512342304317675143e+02
3.514744818638181982e+02
3.517712637264273781e+02
3.519610328670991066e+02
3.521508020077708352e+02
3.523405711484425638e+02
3.525303402891142923e+02
3.527201094297860209e+02
3.529098785704577494e+02
3.531621455049148608e+02
3.534144124393719721e+02
3.536666793738290835e+02
3.539189463082861948e+02
3.541712132427433062e+02
3.545501770617344732e+02
3.549291408807256403e+02
3.553081046997168073e+02
3.556870685187079744e+02
3.560660323376991414e+02
3.564560222840809161e+02
3.568460122304626907e+02
3.572360021768444653e+02
3.576259921232262400e+02
3.580159820696080146e+02
3.584059720159897893e+02
3.586283501393766073e+02
3.588507282627634254e+02
3.590731063861502435e+02
3.592954845095370615e+02
3.595178626329238796e+02
3.597402407563106976e+02
3.600454278021058485e+02
3.603506148479009994e+02
3.606558018936961503e+02
3.609609889394913012e+02
3.612661759852864520e+02
3.615695185370877311e+02
3.618728610888890103e+02
3.621762036406902894e+02
3.624795461924915685e+02
3.626888114930200686e+02
3.628980767935485687e+02
3.631073420940770689e+02
3.633166073946055690e+02
3.635258726951340691e+02
3.637351379956625692e+02
3.639741487323713045e+02
3.642131594690800398e+02
3.644521702057887751e+02
3.646911809424975104e+02
3.649301916792062457e+02
3.652925663409339450e+02
3.656549410026616442e+02
3.660173156643893435e+02
3.663796903261170428e+02
3.667420649878447421e+02
3.671852826354626131e+02
3.676285002830804842e+02
3.680717179306983553e+02
3.685149355783162264e+02
3.689581532259340975e+02
3.692795261816070251e+02
3.696008991372799528e+02
3.699222720929528805e+02
3.702436450486258082e+02
3.705650180042987358e+02
3.708346284773963362e+02
3.711042389504939365e+02
3.713738494235915368e+02
3.716434598966891372e+02
3.721030331785860312e+02
3.725626064604829253e+02
3.729078315394820606e+02
3.732530566184811960e+02
3.735982816974803313e+02
3.738497815291294728e+02
3.741012813607786143e+02
3.743527811924277557e+02
3.746042810240768972e+02
3.748427044383413431e+02
3.750811278526057890e+02
3.753195512668702349e+02
3.755579746811346808e+02
3.758607967060338524e+02
3.761636187309330239e+02
3.764664407558321955e+02
3.767692627807313670e+02
3.770720848056305385e+02
3.774191630677123044e+02
3.777662413297940702e+02
3.781133195918758361e+02
3.784603978539576019e+02
3.788074761160393678e+02
3.791703864831486612e+02
3.795332968502579547e+02
3.798962072173672482e+02
3.802591175844765417e+02
3.806220279515858351e+02
3.810462777842552669e+02
3.813127000867700076e+02
3.815791223892847484e+02
3.818455446917994891e+02
3.821119669943142299e+02
3.824250384320624789e+02
3.827381098698107280e+02
3.830511813075589771e+02
3.833642527453072262e+02
3.839821747398733578e+02
3.844332220260779422e+02
3.847382799012892178e+02
3.850433377765004934e+02
3.853483956517117690e+02
3.855399550359198884e+02
3.857315144201280077e+02
3.859230738043361271e+02
3.861146331885442464e+02
3.863818940370990731e+02
3.866491548856538998e+02
3.869164157342087265e+02
3.871836765827635531e+02
3.874950389314352037e+02
3.878064012801068543e+02
3.881177636287785049e+02
3.884291259774501555e+02
3.887404883261218060e+02
3.890927214825101714e+02
3.894449546388985368e+02
3.897971877952869022e+02
3.901494209516752676e+02
3.905016541080636330e+02
3.908965815978384057e+02
3.912915090876131785e+02
3.916864365773879513e+02
3.920813640671627240e+02
3.924762915569374968e+02
3.927761692959577431e+02
3.930760470349779894e+02
3.933759247739982357e+02
3.936758025130184819e+02
3.939973546367598942e+02
3.943189067605013065e+02
3.946404588842427188e+02
3.949620110079841311e+02
3.955363844822657597e+02
3.961107579565473884e+02
3.963753606162094343e+02
3.966399632758714802e+02
3.969045659355335260e+02
3.971691685951955719e+02
3.974064940866689994e+02
3.976438195781424270e+02
3.978811450696158545e+02
3.981184705610892820e+02
3.983557960525627095e+02
3.986033807889923537e+02
3.988509655254219979e+02
3.990985502618516421e+02
3.993461349982812862e+02
3.996843205567270161e+02
4.000225061151727459e+02
4.003606916736184758e+02
4.006988772320642056e+02
4.010370627905099354e+02
4.015194366350781934e+02
4.020018104796464513e+02
4.024841843242147092e+02
4.028385965103384478e+02
4.031930086964621864e+02
4.035474208825859250e+02
4.039018330687096636e+02
4.042562452548334022e+02
4.045384808603111537e+02
4.048207164657889052e+02
4.051029520712666567e+02
4.053851876767444082e+02
4.056525913005424968e+02
4.059199949243405854e+02
4.061873985481386740e+02
4.064548021719367625e+02
4.069728804450866164e+02
4.074909587182364703e+02
4.078553057992049276e+02
4.081373380717001282e+02
4.084193703441953289e+02
4.087014026166905296e+02
4.089022239058047035e+02
4.091030451949188773e+02
4.093038664840330512e+02
4.095046877731472250e+02
4.097807285624999736e+02
4.100567693518527221e+02
4.103328101412054707e+02
4.106088509305582193e+02
4.109428548762157334e+02
4.112768588218732475e+02
4.116108627675307616e+02
4.119448667131882758e+02
4.122788706588457899e+02
4.126138332873873651e+02
4.129487959159289403e+02
4.132837585444705155e+02
4.136187211730120907e+02
4.139536838015536659e+02
4.142996783253939270e+02
4.146456728492341881e+02
4.149916673730744492e+02
4.153376618969147103e+02
4.156836564207549714e+02
4.160272280112288854e+02
4.162789972141854946e+02
4.165307664171421038e+02
4.167825356200987130e+02
4.170343048230553222e+02
4.173465100856788013e+02
4.176587153483022803e+02
4.179709206109257593e+02
4.182831258735492383e+02
4.187947336525795095e+02
4.193063414316097806e+02
4.196413907475018163e+02
4.199764400633938521e+02
4.203114893792858879e+02
4.205373034354548167e+02
4.207631174916237455e+02
4.209889315477926743e+02
4.212147456039616031e+02
4.214609023851720053e+02
4.217070591663824075e+02
4.219532159475928097e+02
4.221993727288032119e+02
4.225840641976552661e+02
4.228525053607955897e+02
4.231209465239359133e+02
4.233893876870762369e+02
4.236578288502165606e+02
4.239262700133568842e+02
4.243033658845026821e+02
4.246804617556484800e+02
4.250575576267942779e+02
4.254346534979400758e+02
4.258117493690858737e+02
4.261888452402316716e+02
4.265092384843423474e+02
4.268296317284530232e+02
4.271500249725636991e+02
4.274704182166743749e+02
4.277908114607850507e+02
4.281112047048957265e+02
4.283776496989052021e+02
4.286440946929146776e+02
4.289105396869241531e+02
4.291769846809336286e+02
4.294434296749431041e+02
4.297098746689525797e+02
4.299889319850610718e+02
4.302679893011695640e+02
4.305470466172780561e+02
4.308261039333865483e+02
4.311051612494950405e+02
4.313842185656035326e+02
4.316945436768354512e+02
4.319366802371750964e+02
4.321788167975147417e+02
4.324209533578543869e+02
4.326630899181940322e+02
4.329052264785336774e+02
4.331473630388733227e+02
4.333722056177854824e+02
4.335970481966976422e+02
4.338218907756098019e+02
4.340467333545219617e+02
4.342715759334341215e+02
4.345680762342477692e+02
4.348645765350614170e+02
4.351610768358750647e+02
4.354575771366887125e+02
4.357540774375023602e+02
4.361510459579241683e+02
4.365480144783459764e+02
4.369449829987677845e+02
4.373419515191895925e+02
4.377389200396114006e+02
4.381232294942998919e+02
4.385075389489883833e+02
4.388918484036768746e+02
4.392761578583653659e+02
4.395569707135859971e+02
4.398377835688066284e+02
4.401185964240272597e+02
4.403994092792478909e+02
4.406802221344685222e+02
4.409610349896891535e+02
4.412173573258017427e+02
4.414736796619143320e+02
4.417300019980269212e+02
4.419863243341395105e+02
4.422426466702520997e+02
4.427185646401975418e+02
4.430146417659266831e+02
4.433107188916558243e+02
4.436067960173849656e+02
4.439028731431141068e+02
4.440743622380834950e+02
4.442458513330528831e+02
4.444173404280222712e+02
4.445888295229916594e+02
4.449450758905693419e+02
4.453013222581470245e+02
4.455497666049413397e+02
4.457982109517356548e+02
4.460466552985299700e+02
4.462950996453242851e+02
4.465758408496477045e+02
4.468565820539711240e+02
4.471373232582945434e+02
4.474180644626179628e+02
4.476988056669413822e+02
4.481156711446740246e+02
4.485325366224066670e+02
4.489494021001393094e+02
4.493662675778719517e+02
4.497831330556045941e+02
4.501739094626494193e+02
4.505646858696942445e+02
4.509554622767390697e+02
4.512359952331043473e+02
4.515165281894696250e+02
4.517970611458349026e+02
4.520775941022001803e+02
4.523581270585654579e+02
4.526386600149307355e+02
4.528748758806844421e+02
4.531110917464381487e+02
4.533473076121918552e+02
4.535835234779455618e+02
4.538197393436992684e+02
4.542467972002950205e+02
4.546738550568907726e+02
4.549393666189138230e+02
4.552048781809368734e+02
4.554703897429599238e+02
4.557359013049829741e+02
4.559506292747777252e+02
4.561653572445724762e+02
4.563800852143672273e+02
4.565948131841619784e+02
4.568095411539567294e+02
4.570628869820522482e+02
4.573162328101477669e+02
4.575695786382432857e+02
4.578229244663388045e+02
4.581251303482338813e+02
4.584273362301289581e+02
4.587295421120240349e+02
4.590317479939191117e+02
4.593339538758141885e+02
4.597569515236536972e+02
4.601799491714932060e+02
4.606029468193327148e+02
4.610259444671722235e+02
4.614489421150117323e+02
4.618011552828434674e+02
4.621533684506752024e+02
4.625055816185069375e+02
4.628577947863386726e+02
4.632100079541704076e+02
4.635622211220021427e+02
4.638976167652007234e+02
4.641071800712728077e+02
4.643167433773448920e+02
4.645263066834169763e+02
4.647358699894890606e+02
4.649454332955611449e+02
4.653325743894874904e+02
4.657197154834138360e+02
4.661068565773401815e+02
4.664939976712665270e+02
4.667665751221779260e+02
4.670391525730893250e+02
4.673117300240007239e+02
4.675265695220747375e+02
4.677414090201487511e+02
4.679562485182227647e+02
4.681710880162967783e+02
4.684591720216579915e+02
4.687472560270192048e+02
4.690353400323804181e+02
4.692674314668490752e+02
4.694995229013177322e+02
4.697316143357863893e+02
4.699637057702550464e+02
4.702779144451792490e+02
4.705921231201034516e+02
4.709063317950276542e+02
4.712205404699518567e+02
4.715347491448760593e+02
4.721088310105644723e+02
4.725196143282966545e+02
4.729303976460288368e+02
4.733411809637610190e+02
4.737519642814932013e+02
4.741627475992253835e+02
4.745821939484470704e+02
4.748917216633572593e+02
4.752012493782674483e+02
4.755107770931776372e+02
4.758203048080878261e+02
4.761298325229980151e+02
4.763868556849051288e+02
4.766438788468122425e+02
4.769009020087193562e+02
4.771579251706264699e+02
4.774149483325335837e+02
4.776719714944406974e+02
4.780162431071703963e+02
4.783605147199000953e+02
4.787047863326297943e+02
4.789059698435603423e+02
4.791071533544908903e+02
4.793083368654214382e+02
4.795095203763519862e+02
4.797107038872825342e+02
4.799118873982130822e+02
4.801602099580467211e+02
4.804085325178803600e+02
4.806568550777139990e+02
4.809051776375476379e+02
4.811535001973812768e+02
4.814165284499054565e+02
4.816795567024296361e+02
4.819425849549538157e+02
4.822056132074779953e+02
4.824686414600021749e+02
4.828935287130551046e+02
4.833184159661080344e+02
4.837433032191609641e+02
4.841681904722138938e+02
4.845930777252668236e+02
4.850179649783197533e+02
4.853454312668214357e+02
4.856728975553231180e+02
4.860003638438248004e+02
4.863278301323264827e+02
4.866552964208281651e+02
4.869827627093298474e+02
4.872759935658716586e+02
4.875692244224134697e+02
4.878624552789552808e+02
4.881556861354970920e+02
4.884489169920389031e+02
4.887732293510508157e+02
4.890975417100627283e+02
4.894218540690746408e+02
4.897461664280865534e+02
4.901019221342158971e+02
4.903837578307229137e+02
4.906655935272299303e+02
4.909474292237369468e+02
4.911515945981118989e+02
4.913557599724868510e+02
4.915599253468618031e+02
4.917640907212367551e+02
4.921498505057349462e+02
4.924061156205378893e+02
4.926623807353408324e+02
4.929186458501437755e+02
4.931749109649467187e+02
4.934567554411165133e+02
4.937385999172863080e+02
4.940204443934561027e+02
4.943022888696258974e+02
4.945841333457956921e+02
4.949860236528963924e+02
4.953879139599970927e+02
4.957898042670977929e+02
4.961916945741984932e+02
4.965935848812991935e+02
4.969769278542705138e+02
4.973602708272418340e+02
4.977436138002131543e+02
4.980244075474683996e+02
4.983052012947236449e+02
4.985859950419788902e+02
4.988667887892341355e+02
4.991475825364893808e+02
4.994283762837446261e+02
4.996914171080134679e+02
4.999544579322823097e+02
5.000000000000000000e+02
